      1  1.784682e-014  1.416208e-005  7.957747e-002  0.000000e+000
      2  4.690423e-015  9.071464e-006  7.957747e-002  0.000000e+000
      3  1.014291e-014  1.173080e-005  7.957747e-002  0.000000e+000
      4  1.553115e-014  1.352097e-005  7.957747e-002  0.000000e+000
      5  3.325686e-015  8.089105e-006  7.957747e-002  0.000000e+000
      6  1.890245e-015  6.700585e-006  7.957747e-002  0.000000e+000
      7  9.706560e-015  1.156011e-005  7.957747e-002  0.000000e+000
      8  6.885041e-015  1.030961e-005  7.957747e-002  0.000000e+000
      9  1.010117e-014  1.171468e-005  7.957747e-002  0.000000e+000
     10  9.906061e-015  1.163877e-005  7.957747e-002  0.000000e+000
     11  3.301975e-014  1.738593e-005  7.957747e-002  0.000000e+000
     12  9.624621e-015  1.152749e-005  7.957747e-002  0.000000e+000
     13  8.224224e-015  1.093885e-005  7.957747e-002  0.000000e+000
     14  9.910494e-015  1.164050e-005  7.957747e-002  0.000000e+000
     15  1.928440e-014  1.453256e-005  7.957747e-002  0.000000e+000
     16  2.320926e-015  7.175087e-006  7.957747e-002  0.000000e+000
     17  2.023590e-014  1.476775e-005  7.957747e-002  0.000000e+000
     18  3.580237e-015  8.290435e-006  7.957747e-002  0.000000e+000
     19  1.058224e-014  1.189778e-005  7.957747e-002  0.000000e+000
     20  1.035262e-014  1.181109e-005  7.957747e-002  0.000000e+000
     21  1.181973e-014  1.234457e-005  7.957747e-002  0.000000e+000
     22  2.024406e-014  1.476973e-005  7.957747e-002  0.000000e+000
     23  1.944977e-014  1.457398e-005  7.957747e-002  0.000000e+000
     24  3.268730e-015  8.042660e-006  7.957747e-002  0.000000e+000
     25  6.983599e-015  1.035857e-005  7.957747e-002  0.000000e+000
     26  1.805497e-014  1.421692e-005  7.957747e-002  0.000000e+000
     27  1.506239e-014  1.338355e-005  7.957747e-002  0.000000e+000
     28  1.689533e-014  1.390579e-005  7.957747e-002  0.000000e+000
     29  3.031672e-015  7.843335e-006  7.957747e-002  0.000000e+000
     30  4.018294e-015  8.615635e-006  7.957747e-002  0.000000e+000
     31  1.228707e-014  1.250517e-005  7.957747e-002  0.000000e+000
     32  7.373791e-015  1.054800e-005  7.957747e-002  0.000000e+000
     33  3.344602e-015  8.104413e-006  7.957747e-002  0.000000e+000
     34  1.879337e-014  1.440815e-005  7.957747e-002  0.000000e+000
     35  2.306034e-014  1.542512e-005  7.957747e-002  0.000000e+000
     36  7.939639e-015  1.081119e-005  7.957747e-002  0.000000e+000
     37  1.328485e-014  1.283489e-005  7.957747e-002  0.000000e+000
     38  1.157433e-014  1.225854e-005  7.957747e-002  0.000000e+000
     39  1.020394e-014  1.175428e-005  7.957747e-002  0.000000e+000
     40  3.546204e-015  8.264082e-006  7.957747e-002  0.000000e+000
     41  6.747259e-015  1.024037e-005  7.957747e-002  0.000000e+000
     42  6.623520e-015  1.017739e-005  7.957747e-002  0.000000e+000
     43  2.963362e-015  7.783978e-006  7.957747e-002  0.000000e+000
     44  1.092100e-014  1.202341e-005  7.957747e-002  0.000000e+000
     45  2.381339e-014  1.559123e-005  7.957747e-002  0.000000e+000
     46  9.675051e-015  1.154758e-005  7.957747e-002  0.000000e+000
     47  1.090928e-014  1.201910e-005  7.957747e-002  0.000000e+000
     48  1.641909e-014  1.377388e-005  7.957747e-002  0.000000e+000
     49  7.824616e-015  1.075873e-005  7.957747e-002  0.000000e+000
     50  3.546204e-015  8.264082e-006  7.957747e-002  0.000000e+000
     51  8.124848e-015  1.089461e-005  7.957747e-002  0.000000e+000
     52  1.605123e-014  1.367024e-005  7.957747e-002  0.000000e+000
     53  3.089717e-015  7.893076e-006  7.957747e-002  0.000000e+000
     54  5.181603e-015  9.377666e-006  7.957747e-002  0.000000e+000
     55  4.599071e-014  1.941616e-005  7.957747e-002  0.000000e+000
     56  1.283721e-014  1.268908e-005  7.957747e-002  0.000000e+000
     57  7.563601e-015  1.063775e-005  7.957747e-002  0.000000e+000
     58  7.085888e-015  1.040890e-005  7.957747e-002  0.000000e+000
     59  3.044548e-015  7.854424e-006  7.957747e-002  0.000000e+000
     60  7.536839e-015  1.062518e-005  7.957747e-002  0.000000e+000
     61  9.304638e-015  1.139829e-005  7.957747e-002  0.000000e+000
     62  7.473656e-015  1.059541e-005  7.957747e-002  0.000000e+000
     63  5.628081e-015  9.639626e-006  7.957747e-002  0.000000e+000
     64  4.028888e-015  8.623200e-006  7.957747e-002  0.000000e+000
     65  1.299317e-014  1.274026e-005  7.957747e-002  0.000000e+000
     66  6.093715e-015  9.898455e-006  7.957747e-002  0.000000e+000
     67  6.423823e-015  1.007406e-005  7.957747e-002  0.000000e+000
     68  4.273608e-015  8.794374e-006  7.957747e-002  0.000000e+000
     69  1.774789e-014  1.413586e-005  7.957747e-002  0.000000e+000
     70  3.339532e-015  8.100315e-006  7.957747e-002  0.000000e+000
     71  1.275244e-014  1.266109e-005  7.957747e-002  0.000000e+000
     72  4.563271e-015  8.988739e-006  7.957747e-002  0.000000e+000
     73  3.754478e-015  8.422802e-006  7.957747e-002  0.000000e+000
     74  7.039867e-015  1.038632e-005  7.957747e-002  0.000000e+000
     75  3.446864e-014  1.763660e-005  7.957747e-002  0.000000e+000
     76  5.375593e-015  9.493263e-006  7.957747e-002  0.000000e+000
     77  1.784554e-014  1.416174e-005  7.957747e-002  0.000000e+000
     78  8.179136e-015  1.091882e-005  7.957747e-002  0.000000e+000
     79  1.520279e-014  1.342500e-005  7.957747e-002  0.000000e+000
     80  1.426921e-014  1.314438e-005  7.957747e-002  0.000000e+000
     81  1.049575e-014  1.186528e-005  7.957747e-002  0.000000e+000
     82  5.115216e-015  9.337445e-006  7.957747e-002  0.000000e+000
     83  6.167652e-015  9.938328e-006  7.957747e-002  0.000000e+000
     84  3.239530e-015  8.018640e-006  7.957747e-002  0.000000e+000
     85  1.515726e-014  1.341159e-005  7.957747e-002  0.000000e+000
     86  2.198809e-014  1.518224e-005  7.957747e-002  0.000000e+000
     87  5.814281e-015  9.744780e-006  7.957747e-002  0.000000e+000
     88  1.665614e-014  1.383985e-005  7.957747e-002  0.000000e+000
     89  1.756130e-014  1.408615e-005  7.957747e-002  0.000000e+000
     90  4.212487e-015  8.752247e-006  7.957747e-002  0.000000e+000
     91  2.168849e-014  1.511297e-005  7.957747e-002  0.000000e+000
     92  1.976450e-014  1.465217e-005  7.957747e-002  0.000000e+000
     93  9.744839e-015  1.157528e-005  7.957747e-002  0.000000e+000
     94  9.446778e-015  1.145604e-005  7.957747e-002  0.000000e+000
     95  2.276779e-014  1.535962e-005  7.957747e-002  0.000000e+000
     96  1.090972e-014  1.201926e-005  7.957747e-002  0.000000e+000
     97  4.082157e-015  8.661038e-006  7.957747e-002  0.000000e+000
     98  7.184239e-015  1.045684e-005  7.957747e-002  0.000000e+000
     99  3.745088e-015  8.415774e-006  7.957747e-002  0.000000e+000
    100  5.371033e-015  9.490578e-006  7.957747e-002  0.000000e+000
    101  1.141420e-014  1.220174e-005  7.957747e-002  0.000000e+000
    102  7.950807e-015  1.081626e-005  7.957747e-002  0.000000e+000
    103  5.725346e-015  9.694840e-006  7.957747e-002  0.000000e+000
    104  4.778387e-015  9.127822e-006  7.957747e-002  0.000000e+000
    105  4.967651e-015  9.246777e-006  7.957747e-002  0.000000e+000
    106  2.352191e-014  1.552736e-005  7.957747e-002  0.000000e+000
    107  4.629158e-015  9.031795e-006  7.957747e-002  0.000000e+000
    108  8.371007e-015  1.100354e-005  7.957747e-002  0.000000e+000
    109  3.736060e-015  8.409006e-006  7.957747e-002  0.000000e+000
    110  5.117712e-015  9.338963e-006  7.957747e-002  0.000000e+000
    111  8.168171e-015  1.091394e-005  7.957747e-002  0.000000e+000
    112  1.638348e-014  1.376392e-005  7.957747e-002  0.000000e+000
    113  2.975989e-014  1.679386e-005  7.957747e-002  0.000000e+000
    114  4.714483e-015  9.086949e-006  7.957747e-002  0.000000e+000
    115  7.030110e-015  1.038152e-005  7.957747e-002  0.000000e+000
    116  1.823838e-015  6.621181e-006  7.957747e-002  0.000000e+000
    117  3.361624e-015  8.118138e-006  7.957747e-002  0.000000e+000
    118  8.790134e-015  1.118421e-005  7.957747e-002  0.000000e+000
    119  2.677193e-015  7.524886e-006  7.957747e-002  0.000000e+000
    120  1.140073e-014  1.219694e-005  7.957747e-002  0.000000e+000
    121  4.720115e-015  9.090566e-006  7.957747e-002  0.000000e+000
    122  2.138376e-015  6.981810e-006  7.957747e-002  0.000000e+000
    123  5.063002e-015  9.305565e-006  7.957747e-002  0.000000e+000
    124  5.063002e-015  9.305565e-006  7.957747e-002  0.000000e+000
    125  2.588985e-014  1.603183e-005  7.957747e-002  0.000000e+000
    126  1.313228e-014  1.278557e-005  7.957747e-002  0.000000e+000
    127  5.060194e-015  9.303844e-006  7.957747e-002  0.000000e+000
    128  1.720334e-014  1.398978e-005  7.957747e-002  0.000000e+000
    129  6.207577e-015  9.959726e-006  7.957747e-002  0.000000e+000
    130  4.672234e-014  1.951858e-005  7.957747e-002  0.000000e+000
    131  4.113878e-015  8.683414e-006  7.957747e-002  0.000000e+000
    132  9.562489e-015  1.150263e-005  7.957747e-002  0.000000e+000
    133  8.723102e-015  1.115570e-005  7.957747e-002  0.000000e+000
    134  5.606925e-015  9.627532e-006  7.957747e-002  0.000000e+000
    135  1.079130e-014  1.197562e-005  7.957747e-002  0.000000e+000
    136  6.385576e-015  1.005403e-005  7.957747e-002  0.000000e+000
    137  3.401210e-015  8.149879e-006  7.957747e-002  0.000000e+000
    138  1.149142e-014  1.222920e-005  7.957747e-002  0.000000e+000
    139  2.840211e-015  7.674621e-006  7.957747e-002  0.000000e+000
    140  1.963546e-015  6.786102e-006  7.957747e-002  0.000000e+000
    141  5.801249e-015  9.737494e-006  7.957747e-002  0.000000e+000
    142  1.163770e-014  1.228087e-005  7.957747e-002  0.000000e+000
    143  1.646974e-014  1.378803e-005  7.957747e-002  0.000000e+000
    144  9.984108e-015  1.166925e-005  7.957747e-002  0.000000e+000
    145  2.660032e-014  1.617716e-005  7.957747e-002  0.000000e+000
    146  1.915395e-014  1.449972e-005  7.957747e-002  0.000000e+000
    147  6.900867e-015  1.031750e-005  7.957747e-002  0.000000e+000
    148  1.666051e-015  6.424452e-006  7.957747e-002  0.000000e+000
    149  3.122534e-015  7.920923e-006  7.957747e-002  0.000000e+000
    150  7.773060e-015  1.073505e-005  7.957747e-002  0.000000e+000
    151  2.519616e-014  1.588735e-005  7.957747e-002  0.000000e+000
    152  1.237979e-014  1.253654e-005  7.957747e-002  0.000000e+000
    153  7.416458e-015  1.056831e-005  7.957747e-002  0.000000e+000
    154  2.465697e-015  7.321273e-006  7.957747e-002  0.000000e+000
    155  1.679113e-014  1.387714e-005  7.957747e-002  0.000000e+000
    156  1.335931e-014  1.285883e-005  7.957747e-002  0.000000e+000
    157  8.824942e-015  1.119895e-005  7.957747e-002  0.000000e+000
    158  1.034683e-014  1.180889e-005  7.957747e-002  0.000000e+000
    159  7.267960e-015  1.049730e-005  7.957747e-002  0.000000e+000
    160  7.985384e-015  1.083192e-005  7.957747e-002  0.000000e+000
    161  1.815218e-014  1.424239e-005  7.957747e-002  0.000000e+000
    162  7.659800e-015  1.068265e-005  7.957747e-002  0.000000e+000
    163  2.019151e-014  1.475694e-005  7.957747e-002  0.000000e+000
    164  7.536652e-015  1.062510e-005  7.957747e-002  0.000000e+000
    165  1.007156e-014  1.170323e-005  7.957747e-002  0.000000e+000
    166  8.458687e-015  1.104183e-005  7.957747e-002  0.000000e+000
    167  7.344820e-015  1.053417e-005  7.957747e-002  0.000000e+000
    168  1.774725e-014  1.413569e-005  7.957747e-002  0.000000e+000
    169  8.861218e-015  1.121427e-005  7.957747e-002  0.000000e+000
    170  6.270495e-015  9.993263e-006  7.957747e-002  0.000000e+000
    171  8.050800e-015  1.086141e-005  7.957747e-002  0.000000e+000
    172  1.278238e-014  1.267099e-005  7.957747e-002  0.000000e+000
    173  1.069247e-014  1.193895e-005  7.957747e-002  0.000000e+000
    174  7.539089e-015  1.062624e-005  7.957747e-002  0.000000e+000
    175  1.700713e-014  1.393639e-005  7.957747e-002  0.000000e+000
    176  1.502682e-014  1.337301e-005  7.957747e-002  0.000000e+000
    177  3.867332e-015  8.506362e-006  7.957747e-002  0.000000e+000
    178  7.549068e-015  1.063093e-005  7.957747e-002  0.000000e+000
    179  3.496900e-015  8.225604e-006  7.957747e-002  0.000000e+000
    180  1.032112e-014  1.179910e-005  7.957747e-002  0.000000e+000
    181  9.721578e-015  1.156607e-005  7.957747e-002  0.000000e+000
    182  8.478714e-015  1.105054e-005  7.957747e-002  0.000000e+000
    183  8.832017e-015  1.120194e-005  7.957747e-002  0.000000e+000
    184  6.044924e-015  9.871966e-006  7.957747e-002  0.000000e+000
    185  5.585387e-015  9.615189e-006  7.957747e-002  0.000000e+000
    186  2.503639e-014  1.585370e-005  7.957747e-002  0.000000e+000
    187  4.388925e-015  8.872774e-006  7.957747e-002  0.000000e+000
    188  1.923565e-015  6.739727e-006  7.957747e-002  0.000000e+000
    189  1.441891e-014  1.319018e-005  7.957747e-002  0.000000e+000
    190  2.970730e-015  7.790424e-006  7.957747e-002  0.000000e+000
    191  1.016878e-014  1.174076e-005  7.957747e-002  0.000000e+000
    192  1.044210e-014  1.184503e-005  7.957747e-002  0.000000e+000
    193  2.280244e-014  1.536740e-005  7.957747e-002  0.000000e+000
    194  8.707896e-015  1.114922e-005  7.957747e-002  0.000000e+000
    195  3.906414e-015  8.534920e-006  7.957747e-002  0.000000e+000
    196  8.219365e-015  1.093670e-005  7.957747e-002  0.000000e+000
    197  1.039091e-014  1.182564e-005  7.957747e-002  0.000000e+000
    198  9.547244e-015  1.149651e-005  7.957747e-002  0.000000e+000
    199  1.129531e-014  1.215923e-005  7.957747e-002  0.000000e+000
    200  5.425247e-015  9.522403e-006  7.957747e-002  0.000000e+000
    201  1.034194e-014  1.180703e-005  7.957747e-002  0.000000e+000
    202  2.268764e-014  1.534157e-005  7.957747e-002  0.000000e+000
    203  8.788024e-015  1.118331e-005  7.957747e-002  0.000000e+000
    204  1.544130e-014  1.349485e-005  7.957747e-002  0.000000e+000
    205  1.738211e-014  1.403807e-005  7.957747e-002  0.000000e+000
    206  2.561089e-014  1.597405e-005  7.957747e-002  0.000000e+000
    207  1.687990e-014  1.390155e-005  7.957747e-002  0.000000e+000
    208  7.867630e-015  1.077841e-005  7.957747e-002  0.000000e+000
    209  1.272694e-014  1.265265e-005  7.957747e-002  0.000000e+000
    210  8.079624e-015  1.087436e-005  7.957747e-002  0.000000e+000
    211  1.027913e-014  1.178308e-005  7.957747e-002  0.000000e+000
    212  1.150794e-014  1.223505e-005  7.957747e-002  0.000000e+000
    213  1.022413e-014  1.176203e-005  7.957747e-002  0.000000e+000
    214  2.390331e-014  1.561083e-005  7.957747e-002  0.000000e+000
    215  5.532546e-015  9.584770e-006  7.957747e-002  0.000000e+000
    216  1.832528e-014  1.428752e-005  7.957747e-002  0.000000e+000
    217  2.579775e-014  1.601280e-005  7.957747e-002  0.000000e+000
    218  8.905695e-015  1.123301e-005  7.957747e-002  0.000000e+000
    219  9.474512e-015  1.146724e-005  7.957747e-002  0.000000e+000
    220  1.528268e-014  1.344848e-005  7.957747e-002  0.000000e+000
    221  6.432492e-015  1.007859e-005  7.957747e-002  0.000000e+000
    222  7.282581e-015  1.050433e-005  7.957747e-002  0.000000e+000
    223  6.257088e-015  9.986136e-006  7.957747e-002  0.000000e+000
    224  2.776314e-014  1.640953e-005  7.957747e-002  0.000000e+000
    225  2.003716e-014  1.471924e-005  7.957747e-002  0.000000e+000
    226  1.696666e-014  1.392533e-005  7.957747e-002  0.000000e+000
    227  3.784424e-015  8.445136e-006  7.957747e-002  0.000000e+000
    228  3.222713e-015  8.004741e-006  7.957747e-002  0.000000e+000
    229  2.186171e-014  1.515310e-005  7.957747e-002  0.000000e+000
    230  1.446546e-014  1.320436e-005  7.957747e-002  0.000000e+000
    231  4.529869e-015  8.966754e-006  7.957747e-002  0.000000e+000
    232  7.849390e-015  1.077007e-005  7.957747e-002  0.000000e+000
    233  1.047721e-014  1.185829e-005  7.957747e-002  0.000000e+000
    234  1.101841e-014  1.205905e-005  7.957747e-002  0.000000e+000
    235  1.481194e-014  1.330896e-005  7.957747e-002  0.000000e+000
    236  8.720570e-015  1.115463e-005  7.957747e-002  0.000000e+000
    237  4.590667e-015  9.006692e-006  7.957747e-002  0.000000e+000
    238  1.059774e-014  1.190359e-005  7.957747e-002  0.000000e+000
    239  6.091849e-015  9.897445e-006  7.957747e-002  0.000000e+000
    240  8.255378e-015  1.095265e-005  7.957747e-002  0.000000e+000
    241  9.745841e-015  1.157568e-005  7.957747e-002  0.000000e+000
    242  9.144844e-015  1.133267e-005  7.957747e-002  0.000000e+000
    243  3.675889e-015  8.363618e-006  7.957747e-002  0.000000e+000
    244  3.727753e-015  8.402769e-006  7.957747e-002  0.000000e+000
    245  9.166634e-015  1.134166e-005  7.957747e-002  0.000000e+000
    246  2.429612e-014  1.569588e-005  7.957747e-002  0.000000e+000
    247  5.064659e-015  9.306580e-006  7.957747e-002  0.000000e+000
    248  6.633316e-015  1.018240e-005  7.957747e-002  0.000000e+000
    249  1.981141e-014  1.466375e-005  7.957747e-002  0.000000e+000
    250  1.097444e-014  1.204298e-005  7.957747e-002  0.000000e+000
    251  1.999749e-014  1.470952e-005  7.957747e-002  0.000000e+000
    252  6.201941e-015  9.956711e-006  7.957747e-002  0.000000e+000
    253  4.966641e-015  9.246150e-006  7.957747e-002  0.000000e+000
    254  3.530110e-015  8.251561e-006  7.957747e-002  0.000000e+000
    255  8.791548e-015  1.118481e-005  7.957747e-002  0.000000e+000
    256  1.333939e-014  1.285243e-005  7.957747e-002  0.000000e+000
    257  5.625719e-015  9.638277e-006  7.957747e-002  0.000000e+000
    258  3.461484e-014  1.766150e-005  7.957747e-002  0.000000e+000
    259  1.693227e-014  1.391591e-005  7.957747e-002  0.000000e+000
    260  1.547981e-014  1.350606e-005  7.957747e-002  0.000000e+000
    261  1.086516e-014  1.200288e-005  7.957747e-002  0.000000e+000
    262  2.177425e-014  1.513286e-005  7.957747e-002  0.000000e+000
    263  5.767100e-015  9.718350e-006  7.957747e-002  0.000000e+000
    264  4.038411e-015  8.629989e-006  7.957747e-002  0.000000e+000
    265  4.916453e-015  9.214901e-006  7.957747e-002  0.000000e+000
    266  5.625648e-015  9.638236e-006  7.957747e-002  0.000000e+000
    267  9.526801e-015  1.148830e-005  7.957747e-002  0.000000e+000
    268  6.430927e-015  1.007777e-005  7.957747e-002  0.000000e+000
    269  1.288481e-014  1.270475e-005  7.957747e-002  0.000000e+000
    270  1.951946e-014  1.459137e-005  7.957747e-002  0.000000e+000
    271  1.293239e-014  1.272037e-005  7.957747e-002  0.000000e+000
    272  7.820814e-015  1.075699e-005  7.957747e-002  0.000000e+000
    273  8.071748e-015  1.087083e-005  7.957747e-002  0.000000e+000
    274  6.687680e-015  1.021014e-005  7.957747e-002  0.000000e+000
    275  1.037270e-014  1.181873e-005  7.957747e-002  0.000000e+000
    276  1.196502e-014  1.239494e-005  7.957747e-002  0.000000e+000
    277  1.084474e-014  1.199535e-005  7.957747e-002  0.000000e+000
    278  1.087464e-014  1.200637e-005  7.957747e-002  0.000000e+000
    279  6.823224e-015  1.027866e-005  7.957747e-002  0.000000e+000
    280  1.074175e-014  1.195726e-005  7.957747e-002  0.000000e+000
    281  2.683010e-014  1.622361e-005  7.957747e-002  0.000000e+000
    282  4.970232e-015  9.248379e-006  7.957747e-002  0.000000e+000
    283  2.417063e-014  1.566881e-005  7.957747e-002  0.000000e+000
    284  1.629951e-014  1.374036e-005  7.957747e-002  0.000000e+000
    285  3.061942e-015  7.869353e-006  7.957747e-002  0.000000e+000
    286  2.497035e-015  7.352159e-006  7.957747e-002  0.000000e+000
    287  8.504177e-015  1.106159e-005  7.957747e-002  0.000000e+000
    288  2.623906e-015  7.474626e-006  7.957747e-002  0.000000e+000
    289  8.519546e-015  1.106825e-005  7.957747e-002  0.000000e+000
    290  1.888994e-015  6.699107e-006  7.957747e-002  0.000000e+000
    291  2.064572e-014  1.486677e-005  7.957747e-002  0.000000e+000
    292  1.669680e-014  1.385111e-005  7.957747e-002  0.000000e+000
    293  9.545928e-015  1.149598e-005  7.957747e-002  0.000000e+000
    294  1.210063e-014  1.244160e-005  7.957747e-002  0.000000e+000
    295  8.572066e-015  1.109094e-005  7.957747e-002  0.000000e+000
    296  2.942892e-015  7.766014e-006  7.957747e-002  0.000000e+000
    297  1.118330e-014  1.211890e-005  7.957747e-002  0.000000e+000
    298  5.473592e-015  9.550604e-006  7.957747e-002  0.000000e+000
    299  6.127857e-015  9.916907e-006  7.957747e-002  0.000000e+000
    300  3.922711e-015  8.546773e-006  7.957747e-002  0.000000e+000
    301  2.219435e-014  1.522957e-005  7.957747e-002  0.000000e+000
    302  3.674443e-014  1.801651e-005  7.957747e-002  0.000000e+000
    303  3.952674e-015  8.568478e-006  7.957747e-002  0.000000e+000
    304  9.091539e-015  1.131061e-005  7.957747e-002  0.000000e+000
    305  2.841471e-015  7.675756e-006  7.957747e-002  0.000000e+000
    306  1.082420e-014  1.198778e-005  7.957747e-002  0.000000e+000
    307  2.541649e-015  7.395688e-006  7.957747e-002  0.000000e+000
    308  3.800453e-015  8.457043e-006  7.957747e-002  0.000000e+000
    309  2.575642e-014  1.600425e-005  7.957747e-002  0.000000e+000
    310  1.094525e-014  1.203230e-005  7.957747e-002  0.000000e+000
    311  3.699453e-015  8.381451e-006  7.957747e-002  0.000000e+000
    312  2.914976e-014  1.667830e-005  7.957747e-002  0.000000e+000
    313  1.357719e-014  1.292836e-005  7.957747e-002  0.000000e+000
    314  3.376670e-015  8.130232e-006  7.957747e-002  0.000000e+000
    315  5.001745e-015  9.267883e-006  7.957747e-002  0.000000e+000
    316  1.650620e-014  1.379820e-005  7.957747e-002  0.000000e+000
    317  2.447645e-014  1.573462e-005  7.957747e-002  0.000000e+000
    318  1.070948e-014  1.194528e-005  7.957747e-002  0.000000e+000
    319  1.217407e-014  1.246671e-005  7.957747e-002  0.000000e+000
    320  3.314796e-015  8.080266e-006  7.957747e-002  0.000000e+000
    321  1.016332e-014  1.173866e-005  7.957747e-002  0.000000e+000
    322  9.725001e-015  1.156742e-005  7.957747e-002  0.000000e+000
    323  1.307400e-014  1.276663e-005  7.957747e-002  0.000000e+000
    324  1.795536e-014  1.419073e-005  7.957747e-002  0.000000e+000
    325  2.701598e-015  7.547683e-006  7.957747e-002  0.000000e+000
    326  2.969345e-014  1.678135e-005  7.957747e-002  0.000000e+000
    327  4.907340e-015  9.209204e-006  7.957747e-002  0.000000e+000
    328  1.264861e-014  1.262663e-005  7.957747e-002  0.000000e+000
    329  1.187806e-014  1.236484e-005  7.957747e-002  0.000000e+000
    330  5.064689e-015  9.306598e-006  7.957747e-002  0.000000e+000
    331  3.974128e-015  8.583953e-006  7.957747e-002  0.000000e+000
    332  1.940205e-014  1.456205e-005  7.957747e-002  0.000000e+000
    333  3.048790e-015  7.858070e-006  7.957747e-002  0.000000e+000
    334  8.730375e-015  1.115880e-005  7.957747e-002  0.000000e+000
    335  1.739319e-014  1.404106e-005  7.957747e-002  0.000000e+000
    336  4.420110e-014  1.916098e-005  7.957747e-002  0.000000e+000
    337  6.714371e-015  1.022371e-005  7.957747e-002  0.000000e+000
    338  3.636642e-015  8.333745e-006  7.957747e-002  0.000000e+000
    339  1.149037e-014  1.222883e-005  7.957747e-002  0.000000e+000
    340  1.586045e-014  1.361586e-005  7.957747e-002  0.000000e+000
    341  1.456063e-014  1.323326e-005  7.957747e-002  0.000000e+000
    342  6.337762e-015  1.002887e-005  7.957747e-002  0.000000e+000
    343  1.281956e-014  1.268327e-005  7.957747e-002  0.000000e+000
    344  8.832774e-015  1.120226e-005  7.957747e-002  0.000000e+000
    345  3.076875e-014  1.698152e-005  7.957747e-002  0.000000e+000
    346  1.245222e-014  1.256094e-005  7.957747e-002  0.000000e+000
    347  1.639086e-014  1.376598e-005  7.957747e-002  0.000000e+000
    348  3.614457e-015  8.316765e-006  7.957747e-002  0.000000e+000
    349  1.051466e-014  1.187240e-005  7.957747e-002  0.000000e+000
    350  1.754397e-014  1.408151e-005  7.957747e-002  0.000000e+000
    351  1.140386e-014  1.219806e-005  7.957747e-002  0.000000e+000
    352  9.266406e-015  1.138266e-005  7.957747e-002  0.000000e+000
    353  3.414383e-015  8.160388e-006  7.957747e-002  0.000000e+000
    354  6.792946e-015  1.026344e-005  7.957747e-002  0.000000e+000
    355  1.348560e-014  1.289922e-005  7.957747e-002  0.000000e+000
    356  9.860248e-015  1.162080e-005  7.957747e-002  0.000000e+000
    357  1.807641e-014  1.422255e-005  7.957747e-002  0.000000e+000
    358  4.592497e-015  9.007888e-006  7.957747e-002  0.000000e+000
    359  3.901153e-015  8.531087e-006  7.957747e-002  0.000000e+000
    360  1.361991e-014  1.294190e-005  7.957747e-002  0.000000e+000
    361  8.996736e-015  1.127115e-005  7.957747e-002  0.000000e+000
    362  1.797678e-014  1.419637e-005  7.957747e-002  0.000000e+000
    363  3.527928e-015  8.249861e-006  7.957747e-002  0.000000e+000
    364  1.083780e-014  1.199279e-005  7.957747e-002  0.000000e+000
    365  1.532506e-014  1.346090e-005  7.957747e-002  0.000000e+000
    366  2.421772e-014  1.567898e-005  7.957747e-002  0.000000e+000
    367  4.304926e-015  8.815804e-006  7.957747e-002  0.000000e+000
    368  6.832944e-015  1.028354e-005  7.957747e-002  0.000000e+000
    369  6.039778e-015  9.869164e-006  7.957747e-002  0.000000e+000
    370  5.949902e-015  9.819966e-006  7.957747e-002  0.000000e+000
    371  8.501572e-015  1.106046e-005  7.957747e-002  0.000000e+000
    372  1.754148e-014  1.408085e-005  7.957747e-002  0.000000e+000
    373  7.819333e-015  1.075631e-005  7.957747e-002  0.000000e+000
    374  9.251418e-015  1.137652e-005  7.957747e-002  0.000000e+000
    375  4.831928e-015  9.161787e-006  7.957747e-002  0.000000e+000
    376  2.135636e-014  1.503543e-005  7.957747e-002  0.000000e+000
    377  1.538989e-014  1.347986e-005  7.957747e-002  0.000000e+000
    378  2.819731e-014  1.649463e-005  7.957747e-002  0.000000e+000
    379  5.460172e-015  9.542792e-006  7.957747e-002  0.000000e+000
    380  1.246083e-014  1.256384e-005  7.957747e-002  0.000000e+000
    381  7.053720e-015  1.039312e-005  7.957747e-002  0.000000e+000
    382  1.072785e-014  1.195210e-005  7.957747e-002  0.000000e+000
    383  1.622729e-014  1.372004e-005  7.957747e-002  0.000000e+000
    384  3.014750e-015  7.828715e-006  7.957747e-002  0.000000e+000
    385  5.952867e-015  9.821597e-006  7.957747e-002  0.000000e+000
    386  2.833293e-014  1.652103e-005  7.957747e-002  0.000000e+000
    387  9.766214e-015  1.158374e-005  7.957747e-002  0.000000e+000
    388  4.714139e-015  9.086728e-006  7.957747e-002  0.000000e+000
    389  1.151437e-014  1.223733e-005  7.957747e-002  0.000000e+000
    390  7.565155e-015  1.063847e-005  7.957747e-002  0.000000e+000
    391  5.285025e-015  9.439646e-006  7.957747e-002  0.000000e+000
    392  2.775126e-014  1.640719e-005  7.957747e-002  0.000000e+000
    393  2.004146e-014  1.472029e-005  7.957747e-002  0.000000e+000
    394  1.489577e-014  1.333402e-005  7.957747e-002  0.000000e+000
    395  1.637010e-014  1.376017e-005  7.957747e-002  0.000000e+000
    396  7.926816e-015  1.080537e-005  7.957747e-002  0.000000e+000
    397  1.147443e-014  1.222317e-005  7.957747e-002  0.000000e+000
    398  1.571971e-014  1.357547e-005  7.957747e-002  0.000000e+000
    399  1.076146e-014  1.196457e-005  7.957747e-002  0.000000e+000
    400  7.370368e-015  1.054637e-005  7.957747e-002  0.000000e+000
    401  1.101462e-014  1.205767e-005  7.957747e-002  0.000000e+000
    402  4.675233e-015  9.061661e-006  7.957747e-002  0.000000e+000
    403  3.868815e-015  8.507449e-006  7.957747e-002  0.000000e+000
    404  1.899912e-014  1.446054e-005  7.957747e-002  0.000000e+000
    405  6.833400e-015  1.028377e-005  7.957747e-002  0.000000e+000
    406  3.132077e-014  1.708248e-005  7.957747e-002  0.000000e+000
    407  8.483864e-015  1.105277e-005  7.957747e-002  0.000000e+000
    408  3.616268e-015  8.318153e-006  7.957747e-002  0.000000e+000
    409  4.595089e-015  9.009583e-006  7.957747e-002  0.000000e+000
    410  9.430534e-015  1.144947e-005  7.957747e-002  0.000000e+000
    411  3.974638e-015  8.584320e-006  7.957747e-002  0.000000e+000
    412  7.927162e-015  1.080553e-005  7.957747e-002  0.000000e+000
    413  9.939494e-015  1.165185e-005  7.957747e-002  0.000000e+000
    414  2.050825e-014  1.483370e-005  7.957747e-002  0.000000e+000
    415  9.126412e-015  1.132505e-005  7.957747e-002  0.000000e+000
    416  1.250455e-014  1.257852e-005  7.957747e-002  0.000000e+000
    417  5.093471e-015  9.324195e-006  7.957747e-002  0.000000e+000
    418  1.698464e-014  1.393025e-005  7.957747e-002  0.000000e+000
    419  7.698384e-015  1.070056e-005  7.957747e-002  0.000000e+000
    420  7.795556e-015  1.074540e-005  7.957747e-002  0.000000e+000
    421  1.180162e-014  1.233826e-005  7.957747e-002  0.000000e+000
    422  4.924275e-015  9.219785e-006  7.957747e-002  0.000000e+000
    423  2.339742e-014  1.549992e-005  7.957747e-002  0.000000e+000
    424  3.511566e-014  1.774627e-005  7.957747e-002  0.000000e+000
    425  1.239188e-014  1.254062e-005  7.957747e-002  0.000000e+000
    426  1.850833e-014  1.433494e-005  7.957747e-002  0.000000e+000
    427  8.518266e-015  1.106769e-005  7.957747e-002  0.000000e+000
    428  4.810242e-015  9.148060e-006  7.957747e-002  0.000000e+000
    429  7.093186e-015  1.041247e-005  7.957747e-002  0.000000e+000
    430  3.540241e-015  8.259448e-006  7.957747e-002  0.000000e+000
    431  2.358476e-014  1.554117e-005  7.957747e-002  0.000000e+000
    432  1.359744e-014  1.293478e-005  7.957747e-002  0.000000e+000
    433  3.518623e-015  8.242601e-006  7.957747e-002  0.000000e+000
    434  5.750413e-015  9.708967e-006  7.957747e-002  0.000000e+000
    435  1.464133e-014  1.325766e-005  7.957747e-002  0.000000e+000
    436  5.085603e-015  9.319391e-006  7.957747e-002  0.000000e+000
    437  1.327969e-014  1.283323e-005  7.957747e-002  0.000000e+000
    438  2.895236e-015  7.723865e-006  7.957747e-002  0.000000e+000
    439  2.126216e-014  1.501329e-005  7.957747e-002  0.000000e+000
    440  9.977734e-015  1.166677e-005  7.957747e-002  0.000000e+000
    441  1.069436e-014  1.193965e-005  7.957747e-002  0.000000e+000
    442  7.261525e-015  1.049420e-005  7.957747e-002  0.000000e+000
    443  1.051980e-014  1.187433e-005  7.957747e-002  0.000000e+000
    444  1.780314e-014  1.415051e-005  7.957747e-002  0.000000e+000
    445  2.267288e-014  1.533824e-005  7.957747e-002  0.000000e+000
    446  7.924732e-015  1.080442e-005  7.957747e-002  0.000000e+000
    447  2.538299e-014  1.592652e-005  7.957747e-002  0.000000e+000
    448  2.842032e-015  7.676261e-006  7.957747e-002  0.000000e+000
    449  9.778265e-015  1.158850e-005  7.957747e-002  0.000000e+000
    450  6.092872e-015  9.897999e-006  7.957747e-002  0.000000e+000
    451  2.926390e-015  7.751471e-006  7.957747e-002  0.000000e+000
    452  9.418246e-015  1.144450e-005  7.957747e-002  0.000000e+000
    453  5.033228e-015  9.287288e-006  7.957747e-002  0.000000e+000
    454  7.006735e-015  1.037000e-005  7.957747e-002  0.000000e+000
    455  2.743524e-014  1.634467e-005  7.957747e-002  0.000000e+000
    456  7.661288e-015  1.068335e-005  7.957747e-002  0.000000e+000
    457  1.342114e-014  1.287863e-005  7.957747e-002  0.000000e+000
    458  4.855442e-015  9.176624e-006  7.957747e-002  0.000000e+000
    459  4.586740e-014  1.939879e-005  7.957747e-002  0.000000e+000
    460  8.551400e-015  1.108202e-005  7.957747e-002  0.000000e+000
    461  1.317393e-014  1.279907e-005  7.957747e-002  0.000000e+000
    462  1.045405e-014  1.184954e-005  7.957747e-002  0.000000e+000
    463  2.003158e-015  6.831432e-006  7.957747e-002  0.000000e+000
    464  9.696151e-015  1.155597e-005  7.957747e-002  0.000000e+000
    465  8.685706e-015  1.113974e-005  7.957747e-002  0.000000e+000
    466  1.469167e-014  1.327284e-005  7.957747e-002  0.000000e+000
    467  1.399225e-014  1.305878e-005  7.957747e-002  0.000000e+000
    468  1.178965e-014  1.233409e-005  7.957747e-002  0.000000e+000
    469  2.497084e-014  1.583985e-005  7.957747e-002  0.000000e+000
    470  4.818856e-015  9.153518e-006  7.957747e-002  0.000000e+000
    471  8.507822e-015  1.106317e-005  7.957747e-002  0.000000e+000
    472  6.121037e-015  9.913227e-006  7.957747e-002  0.000000e+000
    473  8.869846e-015  1.121791e-005  7.957747e-002  0.000000e+000
    474  6.519040e-015  1.012359e-005  7.957747e-002  0.000000e+000
    475  8.457882e-015  1.104148e-005  7.957747e-002  0.000000e+000
    476  6.519759e-015  1.012396e-005  7.957747e-002  0.000000e+000
    477  3.422607e-014  1.759513e-005  7.957747e-002  0.000000e+000
    478  1.522507e-014  1.343156e-005  7.957747e-002  0.000000e+000
    479  6.877005e-015  1.030560e-005  7.957747e-002  0.000000e+000
    480  1.948434e-014  1.458261e-005  7.957747e-002  0.000000e+000
    481  1.013590e-014  1.172810e-005  7.957747e-002  0.000000e+000
    482  1.402310e-014  1.306837e-005  7.957747e-002  0.000000e+000
    483  4.590171e-015  9.006367e-006  7.957747e-002  0.000000e+000
    484  1.038406e-014  1.182304e-005  7.957747e-002  0.000000e+000
    485  5.370545e-015  9.490290e-006  7.957747e-002  0.000000e+000
    486  1.523833e-014  1.343546e-005  7.957747e-002  0.000000e+000
    487  5.180457e-015  9.376975e-006  7.957747e-002  0.000000e+000
    488  1.822838e-014  1.426230e-005  7.957747e-002  0.000000e+000
    489  1.168986e-014  1.229919e-005  7.957747e-002  0.000000e+000
    490  9.480762e-015  1.146976e-005  7.957747e-002  0.000000e+000
    491  9.184212e-015  1.134891e-005  7.957747e-002  0.000000e+000
    492  1.525533e-014  1.344045e-005  7.957747e-002  0.000000e+000
    493  4.084429e-015  8.662644e-006  7.957747e-002  0.000000e+000
    494  4.177458e-015  8.727919e-006  7.957747e-002  0.000000e+000
    495  1.400519e-014  1.306280e-005  7.957747e-002  0.000000e+000
    496  1.778389e-014  1.414541e-005  7.957747e-002  0.000000e+000
    497  1.561094e-014  1.354409e-005  7.957747e-002  0.000000e+000
    498  9.901252e-015  1.163689e-005  7.957747e-002  0.000000e+000
    499  4.595089e-015  9.009583e-006  7.957747e-002  0.000000e+000
    500  1.540942e-014  1.348555e-005  7.957747e-002  0.000000e+000
    501  8.996520e-015  1.127106e-005  7.957747e-002  0.000000e+000
    502  1.260782e-014  1.261305e-005  7.957747e-002  0.000000e+000
    503  2.078222e-014  1.489947e-005  7.957747e-002  0.000000e+000
    504  3.517840e-015  8.241990e-006  7.957747e-002  0.000000e+000
    505  7.394115e-015  1.055769e-005  7.957747e-002  0.000000e+000
    506  1.368231e-014  1.296164e-005  7.957747e-002  0.000000e+000
    507  1.090344e-014  1.201696e-005  7.957747e-002  0.000000e+000
    508  9.077216e-015  1.130466e-005  7.957747e-002  0.000000e+000
    509  1.015368e-014  1.173495e-005  7.957747e-002  0.000000e+000
    510  1.946895e-014  1.457877e-005  7.957747e-002  0.000000e+000
    511  4.203811e-015  8.746234e-006  7.957747e-002  0.000000e+000
    512  1.678680e-014  1.387595e-005  7.957747e-002  0.000000e+000
    513  9.480910e-015  1.146982e-005  7.957747e-002  0.000000e+000
    514  1.306538e-014  1.276382e-005  7.957747e-002  0.000000e+000
    515  3.299995e-014  1.738246e-005  7.957747e-002  0.000000e+000
    516  7.698575e-015  1.070065e-005  7.957747e-002  0.000000e+000
    517  9.915827e-015  1.164259e-005  7.957747e-002  0.000000e+000
    518  6.532708e-015  1.013066e-005  7.957747e-002  0.000000e+000
    519  6.253328e-015  9.984135e-006  7.957747e-002  0.000000e+000
    520  4.554027e-015  8.982666e-006  7.957747e-002  0.000000e+000
    521  1.058683e-014  1.189950e-005  7.957747e-002  0.000000e+000
    522  1.048234e-014  1.186022e-005  7.957747e-002  0.000000e+000
    523  1.019783e-014  1.175193e-005  7.957747e-002  0.000000e+000
    524  3.361470e-015  8.118014e-006  7.957747e-002  0.000000e+000
    525  3.809061e-015  8.463422e-006  7.957747e-002  0.000000e+000
    526  1.057245e-014  1.189411e-005  7.957747e-002  0.000000e+000
    527  5.330944e-015  9.466906e-006  7.957747e-002  0.000000e+000
    528  4.924767e-015  9.220092e-006  7.957747e-002  0.000000e+000
    529  1.033647e-014  1.180495e-005  7.957747e-002  0.000000e+000
    530  9.168339e-015  1.134236e-005  7.957747e-002  0.000000e+000
    531  9.676625e-015  1.154821e-005  7.957747e-002  0.000000e+000
    532  1.638842e-014  1.376530e-005  7.957747e-002  0.000000e+000
    533  1.577202e-014  1.359051e-005  7.957747e-002  0.000000e+000
    534  4.411746e-015  8.888126e-006  7.957747e-002  0.000000e+000
    535  7.260542e-015  1.049373e-005  7.957747e-002  0.000000e+000
    536  1.082189e-014  1.198692e-005  7.957747e-002  0.000000e+000
    537  2.256057e-015  7.107607e-006  7.957747e-002  0.000000e+000
    538  6.273175e-015  9.994686e-006  7.957747e-002  0.000000e+000
    539  1.066559e-014  1.192894e-005  7.957747e-002  0.000000e+000
    540  2.733295e-014  1.632434e-005  7.957747e-002  0.000000e+000
    541  2.554322e-015  7.407960e-006  7.957747e-002  0.000000e+000
    542  1.925703e-014  1.452568e-005  7.957747e-002  0.000000e+000
    543  1.070500e-014  1.194361e-005  7.957747e-002  0.000000e+000
    544  9.546469e-015  1.149620e-005  7.957747e-002  0.000000e+000
    545  2.409004e-014  1.565138e-005  7.957747e-002  0.000000e+000
    546  2.496638e-014  1.583891e-005  7.957747e-002  0.000000e+000
    547  2.696386e-014  1.625053e-005  7.957747e-002  0.000000e+000
    548  9.440543e-015  1.145352e-005  7.957747e-002  0.000000e+000
    549  8.643954e-015  1.112186e-005  7.957747e-002  0.000000e+000
    550  7.495513e-015  1.060573e-005  7.957747e-002  0.000000e+000
    551  1.012739e-014  1.172481e-005  7.957747e-002  0.000000e+000
    552  1.074588e-014  1.195879e-005  7.957747e-002  0.000000e+000
    553  8.581969e-015  1.109521e-005  7.957747e-002  0.000000e+000
    554  7.835973e-015  1.076393e-005  7.957747e-002  0.000000e+000
    555  1.110594e-014  1.209090e-005  7.957747e-002  0.000000e+000
    556  2.038360e-015  6.871217e-006  7.957747e-002  0.000000e+000
    557  5.751547e-015  9.709606e-006  7.957747e-002  0.000000e+000
    558  4.464424e-015  8.923362e-006  7.957747e-002  0.000000e+000
    559  7.747383e-015  1.072322e-005  7.957747e-002  0.000000e+000
    560  4.740343e-015  9.103533e-006  7.957747e-002  0.000000e+000
    561  8.373248e-015  1.100453e-005  7.957747e-002  0.000000e+000
    562  1.004245e-014  1.169194e-005  7.957747e-002  0.000000e+000
    563  5.719866e-015  9.691745e-006  7.957747e-002  0.000000e+000
    564  1.160384e-014  1.226895e-005  7.957747e-002  0.000000e+000
    565  1.821367e-014  1.425846e-005  7.957747e-002  0.000000e+000
    566  5.702225e-015  9.681771e-006  7.957747e-002  0.000000e+000
    567  8.075750e-015  1.087262e-005  7.957747e-002  0.000000e+000
    568  1.435305e-014  1.317007e-005  7.957747e-002  0.000000e+000
    569  1.433032e-014  1.316312e-005  7.957747e-002  0.000000e+000
    570  2.179463e-014  1.513758e-005  7.957747e-002  0.000000e+000
    571  1.183057e-014  1.234834e-005  7.957747e-002  0.000000e+000
    572  7.081800e-015  1.040690e-005  7.957747e-002  0.000000e+000
    573  5.054675e-015  9.300461e-006  7.957747e-002  0.000000e+000
    574  1.330394e-014  1.284104e-005  7.957747e-002  0.000000e+000
    575  1.271880e-014  1.264995e-005  7.957747e-002  0.000000e+000
    576  2.392895e-014  1.561641e-005  7.957747e-002  0.000000e+000
    577  2.110616e-014  1.497648e-005  7.957747e-002  0.000000e+000
    578  7.020467e-015  1.037677e-005  7.957747e-002  0.000000e+000
    579  4.754441e-015  9.112549e-006  7.957747e-002  0.000000e+000
    580  1.357688e-014  1.292826e-005  7.957747e-002  0.000000e+000
    581  1.901288e-014  1.446403e-005  7.957747e-002  0.000000e+000
    582  1.232353e-014  1.251752e-005  7.957747e-002  0.000000e+000
    583  6.485661e-015  1.010628e-005  7.957747e-002  0.000000e+000
    584  1.860071e-015  6.664740e-006  7.957747e-002  0.000000e+000
    585  1.330100e-014  1.284009e-005  7.957747e-002  0.000000e+000
    586  5.444251e-015  9.533508e-006  7.957747e-002  0.000000e+000
    587  5.297009e-015  9.446776e-006  7.957747e-002  0.000000e+000
    588  1.101768e-014  1.205878e-005  7.957747e-002  0.000000e+000
    589  4.728410e-015  9.095888e-006  7.957747e-002  0.000000e+000
    590  4.367721e-015  8.858462e-006  7.957747e-002  0.000000e+000
    591  5.887228e-015  9.785364e-006  7.957747e-002  0.000000e+000
    592  3.316139e-015  8.081357e-006  7.957747e-002  0.000000e+000
    593  4.485959e-015  8.937687e-006  7.957747e-002  0.000000e+000
    594  2.419897e-015  7.275659e-006  7.957747e-002  0.000000e+000
    595  7.359768e-015  1.054131e-005  7.957747e-002  0.000000e+000
    596  9.469023e-015  1.146503e-005  7.957747e-002  0.000000e+000
    597  1.670010e-014  1.385202e-005  7.957747e-002  0.000000e+000
    598  9.006419e-015  1.127520e-005  7.957747e-002  0.000000e+000
    599  5.098984e-015  9.327557e-006  7.957747e-002  0.000000e+000
    600  6.672216e-015  1.020227e-005  7.957747e-002  0.000000e+000
    601  4.986532e-015  9.258478e-006  7.957747e-002  0.000000e+000
    602  7.751859e-015  1.072528e-005  7.957747e-002  0.000000e+000
    603  9.583199e-015  1.151092e-005  7.957747e-002  0.000000e+000
    604  8.621976e-015  1.111243e-005  7.957747e-002  0.000000e+000
    605  8.882109e-015  1.122308e-005  7.957747e-002  0.000000e+000
    606  1.731676e-014  1.402046e-005  7.957747e-002  0.000000e+000
    607  2.687136e-015  7.534191e-006  7.957747e-002  0.000000e+000
    608  3.524834e-014  1.776859e-005  7.957747e-002  0.000000e+000
    609  6.346071e-015  1.003325e-005  7.957747e-002  0.000000e+000
    610  6.003151e-015  9.849174e-006  7.957747e-002  0.000000e+000
    611  1.795850e-014  1.419156e-005  7.957747e-002  0.000000e+000
    612  1.536117e-014  1.347147e-005  7.957747e-002  0.000000e+000
    613  5.939654e-015  9.814325e-006  7.957747e-002  0.000000e+000
    614  7.879111e-015  1.078365e-005  7.957747e-002  0.000000e+000
    615  6.641216e-015  1.018644e-005  7.957747e-002  0.000000e+000
    616  2.526638e-014  1.590210e-005  7.957747e-002  0.000000e+000
    617  1.392301e-014  1.303720e-005  7.957747e-002  0.000000e+000
    618  1.069103e-014  1.193841e-005  7.957747e-002  0.000000e+000
    619  1.433697e-014  1.316515e-005  7.957747e-002  0.000000e+000
    620  4.303971e-015  8.815152e-006  7.957747e-002  0.000000e+000
    621  5.075013e-015  9.312918e-006  7.957747e-002  0.000000e+000
    622  6.006354e-015  9.850925e-006  7.957747e-002  0.000000e+000
    623  7.593758e-015  1.065186e-005  7.957747e-002  0.000000e+000
    624  2.688822e-015  7.535766e-006  7.957747e-002  0.000000e+000
    625  4.930375e-015  9.223591e-006  7.957747e-002  0.000000e+000
    626  1.980452e-014  1.466205e-005  7.957747e-002  0.000000e+000
    627  2.858428e-015  7.690994e-006  7.957747e-002  0.000000e+000
    628  6.536188e-015  1.013246e-005  7.957747e-002  0.000000e+000
    629  1.127414e-014  1.215163e-005  7.957747e-002  0.000000e+000
    630  2.289357e-015  7.142406e-006  7.957747e-002  0.000000e+000
    631  6.032811e-015  9.865368e-006  7.957747e-002  0.000000e+000
    632  2.095631e-014  1.494095e-005  7.957747e-002  0.000000e+000
    633  4.553756e-015  8.982488e-006  7.957747e-002  0.000000e+000
    634  1.461578e-014  1.324994e-005  7.957747e-002  0.000000e+000
    635  1.851084e-014  1.433559e-005  7.957747e-002  0.000000e+000
    636  4.989105e-015  9.260070e-006  7.957747e-002  0.000000e+000
    637  6.659756e-015  1.019591e-005  7.957747e-002  0.000000e+000
    638  4.610283e-015  9.019502e-006  7.957747e-002  0.000000e+000
    639  1.200609e-014  1.240911e-005  7.957747e-002  0.000000e+000
    640  9.074003e-015  1.130333e-005  7.957747e-002  0.000000e+000
    641  4.050728e-015  8.638754e-006  7.957747e-002  0.000000e+000
    642  1.964027e-014  1.462141e-005  7.957747e-002  0.000000e+000
    643  1.344034e-014  1.288477e-005  7.957747e-002  0.000000e+000
    644  9.637593e-015  1.153266e-005  7.957747e-002  0.000000e+000
    645  1.161645e-014  1.227339e-005  7.957747e-002  0.000000e+000
    646  1.448058e-014  1.320896e-005  7.957747e-002  0.000000e+000
    647  4.603643e-015  9.015170e-006  7.957747e-002  0.000000e+000
    648  5.518982e-015  9.576931e-006  7.957747e-002  0.000000e+000
    649  8.078146e-015  1.087370e-005  7.957747e-002  0.000000e+000
    650  1.837243e-014  1.429977e-005  7.957747e-002  0.000000e+000
    651  9.387806e-015  1.143215e-005  7.957747e-002  0.000000e+000
    652  9.993360e-015  1.167286e-005  7.957747e-002  0.000000e+000
    653  9.319558e-015  1.140438e-005  7.957747e-002  0.000000e+000
    654  5.615375e-015  9.632366e-006  7.957747e-002  0.000000e+000
    655  1.892204e-014  1.444096e-005  7.957747e-002  0.000000e+000
    656  8.527664e-015  1.107176e-005  7.957747e-002  0.000000e+000
    657  2.054472e-014  1.484249e-005  7.957747e-002  0.000000e+000
    658  5.205352e-015  9.391971e-006  7.957747e-002  0.000000e+000
    659  1.970220e-014  1.463676e-005  7.957747e-002  0.000000e+000
    660  1.160361e-014  1.226886e-005  7.957747e-002  0.000000e+000
    661  2.252531e-014  1.530489e-005  7.957747e-002  0.000000e+000
    662  2.322779e-014  1.546237e-005  7.957747e-002  0.000000e+000
    663  1.214655e-014  1.245731e-005  7.957747e-002  0.000000e+000
    664  8.710660e-015  1.115040e-005  7.957747e-002  0.000000e+000
    665  1.061156e-014  1.190876e-005  7.957747e-002  0.000000e+000
    666  3.931135e-015  8.552886e-006  7.957747e-002  0.000000e+000
    667  5.258808e-015  9.424012e-006  7.957747e-002  0.000000e+000
    668  1.228071e-014  1.250301e-005  7.957747e-002  0.000000e+000
    669  6.012489e-015  9.854278e-006  7.957747e-002  0.000000e+000
    670  4.788324e-015  9.134145e-006  7.957747e-002  0.000000e+000
    671  4.221317e-015  8.758358e-006  7.957747e-002  0.000000e+000
    672  4.178730e-015  8.728806e-006  7.957747e-002  0.000000e+000
    673  4.978788e-015  9.253683e-006  7.957747e-002  0.000000e+000
    674  7.923051e-015  1.080366e-005  7.957747e-002  0.000000e+000
    675  1.275552e-014  1.266211e-005  7.957747e-002  0.000000e+000
    676  1.362296e-014  1.294287e-005  7.957747e-002  0.000000e+000
    677  1.399777e-014  1.306050e-005  7.957747e-002  0.000000e+000
    678  1.106772e-014  1.207701e-005  7.957747e-002  0.000000e+000
    679  1.150563e-014  1.223424e-005  7.957747e-002  0.000000e+000
    680  4.536120e-015  8.970876e-006  7.957747e-002  0.000000e+000
    681  1.808701e-014  1.422533e-005  7.957747e-002  0.000000e+000
    682  1.833981e-014  1.429130e-005  7.957747e-002  0.000000e+000
    683  1.673288e-014  1.386108e-005  7.957747e-002  0.000000e+000
    684  2.711932e-014  1.628170e-005  7.957747e-002  0.000000e+000
    685  6.806742e-015  1.027038e-005  7.957747e-002  0.000000e+000
    686  4.146215e-015  8.706107e-006  7.957747e-002  0.000000e+000
    687  2.069629e-015  6.906174e-006  7.957747e-002  0.000000e+000
    688  1.943762e-014  1.457094e-005  7.957747e-002  0.000000e+000
    689  1.903799e-014  1.447040e-005  7.957747e-002  0.000000e+000
    690  8.351725e-015  1.099509e-005  7.957747e-002  0.000000e+000
    691  3.863638e-015  8.503653e-006  7.957747e-002  0.000000e+000
    692  1.847196e-014  1.432554e-005  7.957747e-002  0.000000e+000
    693  8.958231e-015  1.125505e-005  7.957747e-002  0.000000e+000
    694  6.428092e-015  1.007629e-005  7.957747e-002  0.000000e+000
    695  1.053573e-014  1.188032e-005  7.957747e-002  0.000000e+000
    696  5.443785e-015  9.533237e-006  7.957747e-002  0.000000e+000
    697  1.195102e-014  1.239011e-005  7.957747e-002  0.000000e+000
    698  1.390155e-014  1.303050e-005  7.957747e-002  0.000000e+000
    699  2.115451e-014  1.498791e-005  7.957747e-002  0.000000e+000
    700  7.525697e-015  1.061995e-005  7.957747e-002  0.000000e+000
    701  3.929463e-015  8.551674e-006  7.957747e-002  0.000000e+000
    702  1.506891e-014  1.338548e-005  7.957747e-002  0.000000e+000
    703  1.510831e-014  1.339714e-005  7.957747e-002  0.000000e+000
    704  1.340410e-014  1.287318e-005  7.957747e-002  0.000000e+000
    705  1.566524e-014  1.355977e-005  7.957747e-002  0.000000e+000
    706  2.622857e-015  7.473629e-006  7.957747e-002  0.000000e+000
    707  3.541371e-015  8.260326e-006  7.957747e-002  0.000000e+000
    708  7.717667e-015  1.070949e-005  7.957747e-002  0.000000e+000
    709  1.417570e-014  1.311560e-005  7.957747e-002  0.000000e+000
    710  2.035543e-014  1.479677e-005  7.957747e-002  0.000000e+000
    711  1.170309e-014  1.230383e-005  7.957747e-002  0.000000e+000
    712  7.054243e-015  1.039338e-005  7.957747e-002  0.000000e+000
    713  2.910334e-014  1.666944e-005  7.957747e-002  0.000000e+000
    714  1.895612e-014  1.444962e-005  7.957747e-002  0.000000e+000
    715  8.488539e-015  1.105480e-005  7.957747e-002  0.000000e+000
    716  7.003541e-015  1.036842e-005  7.957747e-002  0.000000e+000
    717  3.550623e-015  8.267513e-006  7.957747e-002  0.000000e+000
    718  1.266650e-014  1.263259e-005  7.957747e-002  0.000000e+000
    719  2.871771e-015  7.702942e-006  7.957747e-002  0.000000e+000
    720  1.025600e-014  1.177423e-005  7.957747e-002  0.000000e+000
    721  4.154164e-015  8.711667e-006  7.957747e-002  0.000000e+000
    722  6.214078e-015  9.963202e-006  7.957747e-002  0.000000e+000
    723  9.469193e-015  1.146510e-005  7.957747e-002  0.000000e+000
    724  5.068014e-015  9.308635e-006  7.957747e-002  0.000000e+000
    725  1.914947e-014  1.449858e-005  7.957747e-002  0.000000e+000
    726  4.620747e-015  9.026321e-006  7.957747e-002  0.000000e+000
    727  9.584447e-015  1.151142e-005  7.957747e-002  0.000000e+000
    728  1.868256e-014  1.437978e-005  7.957747e-002  0.000000e+000
    729  5.918299e-015  9.802549e-006  7.957747e-002  0.000000e+000
    730  2.741299e-014  1.634026e-005  7.957747e-002  0.000000e+000
    731  6.421149e-015  1.007266e-005  7.957747e-002  0.000000e+000
    732  8.259255e-015  1.095436e-005  7.957747e-002  0.000000e+000
    733  1.095244e-014  1.203493e-005  7.957747e-002  0.000000e+000
    734  8.382113e-015  1.100841e-005  7.957747e-002  0.000000e+000
    735  5.982255e-015  9.837733e-006  7.957747e-002  0.000000e+000
    736  4.501308e-015  8.947869e-006  7.957747e-002  0.000000e+000
    737  3.956963e-015  8.571576e-006  7.957747e-002  0.000000e+000
    738  7.275190e-015  1.050078e-005  7.957747e-002  0.000000e+000
    739  4.688491e-015  9.070219e-006  7.957747e-002  0.000000e+000
    740  1.715799e-014  1.397748e-005  7.957747e-002  0.000000e+000
    741  6.070185e-015  9.885698e-006  7.957747e-002  0.000000e+000
    742  1.035510e-014  1.181204e-005  7.957747e-002  0.000000e+000
    743  7.611417e-015  1.066011e-005  7.957747e-002  0.000000e+000
    744  7.728197e-015  1.071436e-005  7.957747e-002  0.000000e+000
    745  6.677314e-015  1.020487e-005  7.957747e-002  0.000000e+000
    746  1.778630e-014  1.414605e-005  7.957747e-002  0.000000e+000
    747  1.075730e-014  1.196303e-005  7.957747e-002  0.000000e+000
    748  6.445473e-015  1.008537e-005  7.957747e-002  0.000000e+000
    749  1.486582e-014  1.332507e-005  7.957747e-002  0.000000e+000
    750  3.110730e-014  1.704358e-005  7.957747e-002  0.000000e+000
    751  8.694531e-015  1.114351e-005  7.957747e-002  0.000000e+000
    752  1.163224e-014  1.227895e-005  7.957747e-002  0.000000e+000
    753  1.428484e-014  1.314917e-005  7.957747e-002  0.000000e+000
    754  1.602115e-014  1.366170e-005  7.957747e-002  0.000000e+000
    755  1.394154e-014  1.304298e-005  7.957747e-002  0.000000e+000
    756  3.308455e-014  1.739730e-005  7.957747e-002  0.000000e+000
    757  3.647772e-015  8.342239e-006  7.957747e-002  0.000000e+000
    758  9.678752e-015  1.154906e-005  7.957747e-002  0.000000e+000
    759  1.292657e-014  1.271846e-005  7.957747e-002  0.000000e+000
    760  1.265432e-014  1.262854e-005  7.957747e-002  0.000000e+000
    761  1.239723e-014  1.254243e-005  7.957747e-002  0.000000e+000
    762  1.802706e-014  1.420959e-005  7.957747e-002  0.000000e+000
    763  8.935790e-015  1.124564e-005  7.957747e-002  0.000000e+000
    764  1.842332e-014  1.431296e-005  7.957747e-002  0.000000e+000
    765  7.980667e-015  1.082978e-005  7.957747e-002  0.000000e+000
    766  1.063962e-014  1.191924e-005  7.957747e-002  0.000000e+000
    767  7.441086e-015  1.058000e-005  7.957747e-002  0.000000e+000
    768  2.922344e-014  1.669234e-005  7.957747e-002  0.000000e+000
    769  3.674735e-015  8.362743e-006  7.957747e-002  0.000000e+000
    770  9.274470e-015  1.138596e-005  7.957747e-002  0.000000e+000
    771  4.913516e-015  9.213065e-006  7.957747e-002  0.000000e+000
    772  1.225299e-014  1.249360e-005  7.957747e-002  0.000000e+000
    773  1.402229e-014  1.306812e-005  7.957747e-002  0.000000e+000
    774  1.202546e-014  1.241578e-005  7.957747e-002  0.000000e+000
    775  3.499083e-014  1.772521e-005  7.957747e-002  0.000000e+000
    776  1.189929e-014  1.237221e-005  7.957747e-002  0.000000e+000
    777  9.629793e-015  1.152955e-005  7.957747e-002  0.000000e+000
    778  8.703671e-015  1.114742e-005  7.957747e-002  0.000000e+000
    779  1.597634e-014  1.364895e-005  7.957747e-002  0.000000e+000
    780  3.055280e-014  1.694170e-005  7.957747e-002  0.000000e+000
    781  9.899241e-015  1.163610e-005  7.957747e-002  0.000000e+000
    782  5.985986e-015  9.839777e-006  7.957747e-002  0.000000e+000
    783  2.027798e-014  1.477798e-005  7.957747e-002  0.000000e+000
    784  5.914062e-015  9.800209e-006  7.957747e-002  0.000000e+000
    785  5.805087e-015  9.739641e-006  7.957747e-002  0.000000e+000
    786  4.076397e-015  8.656962e-006  7.957747e-002  0.000000e+000
    787  6.984225e-015  1.035888e-005  7.957747e-002  0.000000e+000
    788  9.893090e-015  1.163369e-005  7.957747e-002  0.000000e+000
    789  6.103720e-015  9.903870e-006  7.957747e-002  0.000000e+000
    790  2.224412e-014  1.524094e-005  7.957747e-002  0.000000e+000
    791  1.559468e-014  1.353938e-005  7.957747e-002  0.000000e+000
    792  5.600997e-015  9.624137e-006  7.957747e-002  0.000000e+000
    793  1.137329e-014  1.218715e-005  7.957747e-002  0.000000e+000
    794  1.291199e-015  5.901166e-006  7.957747e-002  0.000000e+000
    795  1.384051e-014  1.301140e-005  7.957747e-002  0.000000e+000
    796  5.703964e-015  9.682756e-006  7.957747e-002  0.000000e+000
    797  9.803869e-015  1.159861e-005  7.957747e-002  0.000000e+000
    798  7.231709e-015  1.047982e-005  7.957747e-002  0.000000e+000
    799  4.137641e-015  8.700101e-006  7.957747e-002  0.000000e+000
    800  5.316278e-015  9.458217e-006  7.957747e-002  0.000000e+000
    801  8.825239e-015  1.119908e-005  7.957747e-002  0.000000e+000
    802  6.200214e-015  9.955787e-006  7.957747e-002  0.000000e+000
    803  8.198029e-015  1.092722e-005  7.957747e-002  0.000000e+000
    804  3.201797e-015  7.987386e-006  7.957747e-002  0.000000e+000
    805  9.793946e-015  1.159469e-005  7.957747e-002  0.000000e+000
    806  1.278743e-014  1.267266e-005  7.957747e-002  0.000000e+000
    807  7.670050e-015  1.068742e-005  7.957747e-002  0.000000e+000
    808  1.617962e-014  1.370659e-005  7.957747e-002  0.000000e+000
    809  1.873031e-014  1.439202e-005  7.957747e-002  0.000000e+000
    810  7.061989e-015  1.039718e-005  7.957747e-002  0.000000e+000
    811  1.598810e-014  1.365229e-005  7.957747e-002  0.000000e+000
    812  2.025111e-014  1.477145e-005  7.957747e-002  0.000000e+000
    813  2.813806e-015  7.650763e-006  7.957747e-002  0.000000e+000
    814  1.276992e-014  1.266687e-005  7.957747e-002  0.000000e+000
    815  4.656368e-015  9.049456e-006  7.957747e-002  0.000000e+000
    816  5.131449e-015  9.347312e-006  7.957747e-002  0.000000e+000
    817  1.110108e-014  1.208913e-005  7.957747e-002  0.000000e+000
    818  2.485159e-014  1.581460e-005  7.957747e-002  0.000000e+000
    819  8.395875e-015  1.101443e-005  7.957747e-002  0.000000e+000
    820  4.562246e-015  8.988066e-006  7.957747e-002  0.000000e+000
    821  1.004028e-014  1.169110e-005  7.957747e-002  0.000000e+000
    822  1.167987e-014  1.229568e-005  7.957747e-002  0.000000e+000
    823  1.810632e-014  1.423039e-005  7.957747e-002  0.000000e+000
    824  3.093894e-014  1.701278e-005  7.957747e-002  0.000000e+000
    825  2.832101e-015  7.667309e-006  7.957747e-002  0.000000e+000
    826  8.515657e-015  1.106656e-005  7.957747e-002  0.000000e+000
    827  2.574629e-015  7.427538e-006  7.957747e-002  0.000000e+000
    828  5.315900e-015  9.457993e-006  7.957747e-002  0.000000e+000
    829  8.744603e-015  1.116486e-005  7.957747e-002  0.000000e+000
    830  9.881344e-015  1.162908e-005  7.957747e-002  0.000000e+000
    831  4.554948e-015  8.983271e-006  7.957747e-002  0.000000e+000
    832  1.686077e-015  6.450091e-006  7.957747e-002  0.000000e+000
    833  1.839178e-014  1.430478e-005  7.957747e-002  0.000000e+000
    834  3.326401e-014  1.742870e-005  7.957747e-002  0.000000e+000
    835  4.073505e-015  8.654915e-006  7.957747e-002  0.000000e+000
    836  2.307207e-015  7.160921e-006  7.957747e-002  0.000000e+000
    837  5.437467e-015  9.529547e-006  7.957747e-002  0.000000e+000
    838  1.084449e-014  1.199526e-005  7.957747e-002  0.000000e+000
    839  2.200817e-014  1.518686e-005  7.957747e-002  0.000000e+000
    840  7.902745e-015  1.079442e-005  7.957747e-002  0.000000e+000
    841  1.855217e-014  1.434625e-005  7.957747e-002  0.000000e+000
    842  4.790385e-015  9.135455e-006  7.957747e-002  0.000000e+000
    843  1.095707e-014  1.203663e-005  7.957747e-002  0.000000e+000
    844  3.230179e-015  8.010918e-006  7.957747e-002  0.000000e+000
    845  4.498803e-015  8.946209e-006  7.957747e-002  0.000000e+000
    846  1.163995e-014  1.228166e-005  7.957747e-002  0.000000e+000
    847  6.540661e-015  1.013477e-005  7.957747e-002  0.000000e+000
    848  1.008900e-014  1.170998e-005  7.957747e-002  0.000000e+000
    849  3.032565e-015  7.844105e-006  7.957747e-002  0.000000e+000
    850  9.635348e-015  1.153177e-005  7.957747e-002  0.000000e+000
    851  1.593015e-014  1.363578e-005  7.957747e-002  0.000000e+000
    852  1.063361e-014  1.191700e-005  7.957747e-002  0.000000e+000
    853  1.146049e-014  1.221821e-005  7.957747e-002  0.000000e+000
    854  7.761186e-015  1.072958e-005  7.957747e-002  0.000000e+000
    855  7.742747e-015  1.072108e-005  7.957747e-002  0.000000e+000
    856  1.229141e-014  1.250664e-005  7.957747e-002  0.000000e+000
    857  1.461473e-014  1.324963e-005  7.957747e-002  0.000000e+000
    858  4.207007e-015  8.748450e-006  7.957747e-002  0.000000e+000
    859  3.036028e-014  1.690604e-005  7.957747e-002  0.000000e+000
    860  2.196790e-014  1.517759e-005  7.957747e-002  0.000000e+000
    861  1.147376e-014  1.222293e-005  7.957747e-002  0.000000e+000
    862  9.464226e-015  1.146309e-005  7.957747e-002  0.000000e+000
    863  5.601768e-015  9.624579e-006  7.957747e-002  0.000000e+000
    864  4.538323e-015  8.972329e-006  7.957747e-002  0.000000e+000
    865  1.222731e-014  1.248486e-005  7.957747e-002  0.000000e+000
    866  7.518029e-015  1.061634e-005  7.957747e-002  0.000000e+000
    867  6.818896e-015  1.027649e-005  7.957747e-002  0.000000e+000
    868  1.351252e-014  1.290780e-005  7.957747e-002  0.000000e+000
    869  1.121251e-014  1.212945e-005  7.957747e-002  0.000000e+000
    870  7.547194e-015  1.063005e-005  7.957747e-002  0.000000e+000
    871  5.674057e-015  9.665803e-006  7.957747e-002  0.000000e+000
    872  1.716736e-014  1.398002e-005  7.957747e-002  0.000000e+000
    873  7.113741e-015  1.042252e-005  7.957747e-002  0.000000e+000
    874  7.633263e-015  1.067030e-005  7.957747e-002  0.000000e+000
    875  6.952397e-015  1.034312e-005  7.957747e-002  0.000000e+000
    876  2.701746e-014  1.626129e-005  7.957747e-002  0.000000e+000
    877  4.140533e-015  8.702128e-006  7.957747e-002  0.000000e+000
    878  2.168504e-014  1.511217e-005  7.957747e-002  0.000000e+000
    879  5.676002e-015  9.666907e-006  7.957747e-002  0.000000e+000
    880  3.846932e-015  8.491379e-006  7.957747e-002  0.000000e+000
    881  1.991316e-014  1.468882e-005  7.957747e-002  0.000000e+000
    882  2.547811e-014  1.594639e-005  7.957747e-002  0.000000e+000
    883  9.103892e-015  1.131573e-005  7.957747e-002  0.000000e+000
    884  4.269283e-015  8.791407e-006  7.957747e-002  0.000000e+000
    885  7.614103e-015  1.066137e-005  7.957747e-002  0.000000e+000
    886  1.104717e-014  1.206953e-005  7.957747e-002  0.000000e+000
    887  1.288521e-014  1.270488e-005  7.957747e-002  0.000000e+000
    888  5.639185e-015  9.645961e-006  7.957747e-002  0.000000e+000
    889  2.476236e-015  7.331689e-006  7.957747e-002  0.000000e+000
    890  1.919369e-015  6.734824e-006  7.957747e-002  0.000000e+000
    891  7.335077e-015  1.052951e-005  7.957747e-002  0.000000e+000
    892  5.481886e-015  9.555426e-006  7.957747e-002  0.000000e+000
    893  1.235351e-014  1.252767e-005  7.957747e-002  0.000000e+000
    894  1.740965e-014  1.404549e-005  7.957747e-002  0.000000e+000
    895  1.349380e-014  1.290184e-005  7.957747e-002  0.000000e+000
    896  8.719166e-015  1.115403e-005  7.957747e-002  0.000000e+000
    897  2.552303e-015  7.406007e-006  7.957747e-002  0.000000e+000
    898  2.736605e-015  7.580143e-006  7.957747e-002  0.000000e+000
    899  1.442982e-014  1.319351e-005  7.957747e-002  0.000000e+000
    900  7.589349e-015  1.064980e-005  7.957747e-002  0.000000e+000
    901  1.169506e-014  1.230101e-005  7.957747e-002  0.000000e+000
    902  1.105907e-014  1.207386e-005  7.957747e-002  0.000000e+000
    903  1.796715e-014  1.419384e-005  7.957747e-002  0.000000e+000
    904  4.637182e-015  9.037010e-006  7.957747e-002  0.000000e+000
    905  1.932420e-014  1.454255e-005  7.957747e-002  0.000000e+000
    906  1.202815e-014  1.241671e-005  7.957747e-002  0.000000e+000
    907  7.818139e-015  1.075576e-005  7.957747e-002  0.000000e+000
    908  1.579438e-014  1.359693e-005  7.957747e-002  0.000000e+000
    909  2.722686e-014  1.630319e-005  7.957747e-002  0.000000e+000
    910  1.489803e-014  1.333469e-005  7.957747e-002  0.000000e+000
    911  3.107643e-015  7.908311e-006  7.957747e-002  0.000000e+000
    912  2.973123e-015  7.792515e-006  7.957747e-002  0.000000e+000
    913  1.138603e-014  1.219170e-005  7.957747e-002  0.000000e+000
    914  3.365012e-015  8.120864e-006  7.957747e-002  0.000000e+000
    915  5.520454e-015  9.577782e-006  7.957747e-002  0.000000e+000
    916  9.117947e-015  1.132155e-005  7.957747e-002  0.000000e+000
    917  2.971267e-015  7.790893e-006  7.957747e-002  0.000000e+000
    918  1.022628e-014  1.176285e-005  7.957747e-002  0.000000e+000
    919  1.255447e-014  1.259523e-005  7.957747e-002  0.000000e+000
    920  4.303259e-015  8.814666e-006  7.957747e-002  0.000000e+000
    921  4.441752e-015  8.908231e-006  7.957747e-002  0.000000e+000
    922  3.103320e-015  7.904642e-006  7.957747e-002  0.000000e+000
    923  9.306762e-015  1.139916e-005  7.957747e-002  0.000000e+000
    924  1.642750e-014  1.377624e-005  7.957747e-002  0.000000e+000
    925  5.130065e-015  9.346471e-006  7.957747e-002  0.000000e+000
    926  3.096151e-014  1.701691e-005  7.957747e-002  0.000000e+000
    927  9.162625e-015  1.134001e-005  7.957747e-002  0.000000e+000
    928  6.304969e-015  1.001154e-005  7.957747e-002  0.000000e+000
    929  3.404957e-015  8.152872e-006  7.957747e-002  0.000000e+000
    930  1.616786e-014  1.370327e-005  7.957747e-002  0.000000e+000
    931  3.141578e-014  1.709973e-005  7.957747e-002  0.000000e+000
    932  9.192580e-015  1.135235e-005  7.957747e-002  0.000000e+000
    933  8.641244e-015  1.112070e-005  7.957747e-002  0.000000e+000
    934  3.722436e-015  8.398772e-006  7.957747e-002  0.000000e+000
    935  9.900599e-015  1.163663e-005  7.957747e-002  0.000000e+000
    936  3.214670e-015  7.998075e-006  7.957747e-002  0.000000e+000
    937  9.545903e-015  1.149597e-005  7.957747e-002  0.000000e+000
    938  9.096264e-015  1.131256e-005  7.957747e-002  0.000000e+000
    939  7.420079e-015  1.057003e-005  7.957747e-002  0.000000e+000
    940  4.699464e-015  9.077289e-006  7.957747e-002  0.000000e+000
    941  6.869313e-015  1.030175e-005  7.957747e-002  0.000000e+000
    942  3.441950e-014  1.762821e-005  7.957747e-002  0.000000e+000
    943  6.502535e-015  1.011504e-005  7.957747e-002  0.000000e+000
    944  9.428102e-015  1.144849e-005  7.957747e-002  0.000000e+000
    945  5.712306e-015  9.687473e-006  7.957747e-002  0.000000e+000
    946  8.816824e-015  1.119552e-005  7.957747e-002  0.000000e+000
    947  3.653833e-015  8.346857e-006  7.957747e-002  0.000000e+000
    948  4.752497e-015  9.111307e-006  7.957747e-002  0.000000e+000
    949  2.111637e-015  6.952588e-006  7.957747e-002  0.000000e+000
    950  7.553290e-015  1.063291e-005  7.957747e-002  0.000000e+000
    951  2.556260e-014  1.596400e-005  7.957747e-002  0.000000e+000
    952  2.283288e-014  1.537424e-005  7.957747e-002  0.000000e+000
    953  6.423780e-015  1.007404e-005  7.957747e-002  0.000000e+000
    954  8.599967e-015  1.110297e-005  7.957747e-002  0.000000e+000
    955  9.648625e-015  1.153706e-005  7.957747e-002  0.000000e+000
    956  3.293797e-015  8.063167e-006  7.957747e-002  0.000000e+000
    957  8.012484e-015  1.084416e-005  7.957747e-002  0.000000e+000
    958  6.676359e-015  1.020438e-005  7.957747e-002  0.000000e+000
    959  5.347307e-015  9.476583e-006  7.957747e-002  0.000000e+000
    960  6.320104e-015  1.001955e-005  7.957747e-002  0.000000e+000
    961  2.695153e-015  7.541676e-006  7.957747e-002  0.000000e+000
    962  1.171185e-014  1.230690e-005  7.957747e-002  0.000000e+000
    963  5.529499e-015  9.583011e-006  7.957747e-002  0.000000e+000
    964  1.719720e-014  1.398812e-005  7.957747e-002  0.000000e+000
    965  2.956301e-014  1.675674e-005  7.957747e-002  0.000000e+000
    966  6.818967e-015  1.027652e-005  7.957747e-002  0.000000e+000
    967  1.989098e-014  1.468336e-005  7.957747e-002  0.000000e+000
    968  1.362204e-014  1.294258e-005  7.957747e-002  0.000000e+000
    969  1.669187e-014  1.384974e-005  7.957747e-002  0.000000e+000
    970  8.356053e-015  1.099699e-005  7.957747e-002  0.000000e+000
    971  1.019755e-014  1.175183e-005  7.957747e-002  0.000000e+000
    972  4.885758e-015  9.195684e-006  7.957747e-002  0.000000e+000
    973  8.794243e-015  1.118595e-005  7.957747e-002  0.000000e+000
    974  1.469454e-014  1.327370e-005  7.957747e-002  0.000000e+000
    975  1.880467e-014  1.441104e-005  7.957747e-002  0.000000e+000
    976  8.967107e-015  1.125877e-005  7.957747e-002  0.000000e+000
    977  2.022807e-014  1.476584e-005  7.957747e-002  0.000000e+000
    978  4.169165e-015  8.722141e-006  7.957747e-002  0.000000e+000
    979  2.171674e-014  1.511953e-005  7.957747e-002  0.000000e+000
    980  3.983638e-015  8.590794e-006  7.957747e-002  0.000000e+000
    981  1.056729e-014  1.189218e-005  7.957747e-002  0.000000e+000
    982  3.021653e-015  7.834686e-006  7.957747e-002  0.000000e+000
    983  9.967178e-015  1.166266e-005  7.957747e-002  0.000000e+000
    984  3.516562e-015  8.240992e-006  7.957747e-002  0.000000e+000
    985  2.511167e-014  1.586957e-005  7.957747e-002  0.000000e+000
    986  2.503393e-014  1.585318e-005  7.957747e-002  0.000000e+000
    987  2.264491e-014  1.533193e-005  7.957747e-002  0.000000e+000
    988  8.202506e-015  1.092921e-005  7.957747e-002  0.000000e+000
    989  8.967040e-015  1.125874e-005  7.957747e-002  0.000000e+000
    990  7.846659e-015  1.076882e-005  7.957747e-002  0.000000e+000
    991  5.940107e-015  9.814574e-006  7.957747e-002  0.000000e+000
    992  2.460507e-014  1.576213e-005  7.957747e-002  0.000000e+000
    993  2.115378e-014  1.498774e-005  7.957747e-002  0.000000e+000
    994  1.123812e-014  1.213868e-005  7.957747e-002  0.000000e+000
    995  1.589024e-014  1.362438e-005  7.957747e-002  0.000000e+000
    996  4.406337e-015  8.884492e-006  7.957747e-002  0.000000e+000
    997  1.067395e-014  1.193205e-005  7.957747e-002  0.000000e+000
    998  1.084123e-014  1.199406e-005  7.957747e-002  0.000000e+000
    999  2.819634e-014  1.649444e-005  7.957747e-002  0.000000e+000
   1000  2.778151e-015  7.618310e-006  7.957747e-002  0.000000e+000
